182 5003dcbee4b0a7c21381df63 6499 35.729518 139.791268
182 4e79ccd1483b1d4edb59f365 6500.05 35.729648 139.790659
182 4e79ccd1483b1d4edb59f365 6500.12 35.729648 139.790659
182 4b663f1bf964a520891a2be3 6500.37 35.711413 139.777181
562 4fa79e97e4b0d905272a7e51 6498 35.67798 139.76846
562 4b5a859af964a5208ac928e3 6500.166666666667 35.669949 139.70686899999998
562 4b5547dcf964a520aae027e3 6500.25 35.672728 139.703748
562 4b666c04f964a520ef202be3 6500.333333333333 35.67557 139.705727
25693 4b5982cbf964a520a58a28e3 6497 35.699971999999995 139.77081
25693 50d0616ee4b0c5a89cbfdd7d 6500.13 35.658177 139.70263300000002
25693 4b5ef11cf964a520db9e29e3 6500.21 35.656236 139.701127
25693 4b63a351f964a520e8882ae3 6500.40 35.729729 139.714849
757996 4da917d36a2303012eed172a 6495 35.671849 139.76558500000002
757996 4b54ef2af964a520efd327e3 6500.02 35.655389 139.798205
757996 51303743e4b0ca4eb8ff1ce5 6500.12 35.672477 139.76523500000002
757996 50fb9230e4b0b850236bb3b1 6500.31 35.654402000000005 139.792485
758840 4c47b8651ddec928a7759e32 6492 35.59019 139.732279
758840 4ed0dd3b8231b9ef8913fc6a 6500.09 35.698571 139.776578
758840 4bf77b4eb182c9b696e8755a 6500.21 35.698421 139.776778
758840 4b7ffa0af964a520174830e3 6500.26 35.712672 139.703385
982580 4bda657da8d976b099800cb5 6490 35.655778000000005 139.542098
982580 4b755cb5f964a52042082ee3 6500.01 35.649764000000005 139.543029
982580 4df1b61188772e1f814c5c8e 6500.08 35.659086 139.543749
982580 4bda657da8d976b099800cb5 6500.16 35.655778000000005 139.542098
982807 4b1df53df964a520811624e3 6494 35.730017 139.710372
982807 4b2df016f964a5201adc24e3 6500.06 35.669534999999996 139.755503
982807 4b5be55ff964a520281c29e3 6500.12 35.690468 139.75458
982807 4b4d9126f964a5202ed426e3 6500.20 35.670206 139.74981699999998