RF -97.7697864538559 30.273538729588072 2599 21.623149905898032
RF -97.74084311335199 30.251292747724083 5458 24.86240347886232
RF -97.67017730970464 30.208627014163643 11241 15.259054532731522
RF -97.79541753439227 30.133306924343657 446 21.758749270735862
RF -97.72145310472017 30.250884110199994 11544 9.600279136910691
RF -97.71460742536503 30.298345196542297 735 24.208155549578443
RF -97.79027364035365 30.250546077736818 9402 12.88298719612979
RF -97.74289927372963 30.273598783199425 5841 12.527795669417916
RF -97.7596282336543 30.2383888544845 9804 18.28789134739056
RF -97.75316417119072 30.270363724032414 2223 13.047648145197636
RF -97.75358339372391 30.286512090974767 584 21.07462914828936
RF -97.76457060600679 30.266858345160564 2944 18.947456767854113
RF -97.73039277088736 30.28247079901576 2918 21.478477160030224
RF -97.7617617889693 30.25267662374353 2163 21.780915899385462
RF -97.7488252729391 30.273915151908344 8299 24.518061753670064
RF -97.78994307331689 30.192795696720914 8396 12.457104966287122
RF -97.73348671801338 30.397616167649563 4657 15.228595978316244
RF -97.76063027269879 30.265789243825807 6523 15.245474628213335
RF -97.69622453904576 30.176154593581835 9614 12.007958779385513
RF -97.7410546584112 30.39443835596884 6237 13.610370945055532
RF -97.78231793893579 30.299227747298332 11170 17.052570425916986
RF -97.86444866060658 30.292220766331912 7059 19.53454078325542
RF -97.75680902102452 30.17066331382407 5289 22.802574875595134
RF -97.64295649374623 30.211904511206694 544 10.892423319575474
RF -97.76847485140338 30.24217399880737 1138 20.520380795099403
RF -97.77505439803929 30.261442566002636 10467 15.389389004888503
RF -97.76954735333959 30.31539948488452 7624 23.235654458817237
RF -97.66476235120477 30.20330887209432 10209 9.875923745431331
RF -97.78427134912369 30.25013794665473 3235 16.16025137011606
RF -97.7659337407269 30.245332390240886 10731 18.29423089311884
NF -97.68327028782856 30.18938795887472 6160 3
NF -97.78269113655121 30.311031357407224 1030 3
NF -97.73831699837378 30.284330457652015 6875 2
NF -97.77164192847565 30.266958912005418 8942 2
NF -97.75826288707567 30.3001607997446 10577 3
NF -97.72503264324216 30.29935505361904 4055 4
NF -97.64382176852278 30.182358651127945 4186 2
NF -97.72194833551872 30.28298710521995 805 2
NF -97.75043076714604 30.246557633058657 3815 2
NF -97.75709885002175 30.276165806012482 80 9
NF -97.74089687897975 30.327807012202406 10802 2
NF -97.6928636410112 30.323881206299404 4200 2
NF -97.83371700525296 30.226261663679217 1878 3
NF -97.72504531358686 30.285958803059096 7642 2
NF -97.73162586660388 30.262180842050206 11663 3
NF -97.75273534039054 30.20293660728882 1407 2
NF -97.72357990175345 30.263910914582123 3592 4
NF -97.74219100622014 30.2758778133713 5457 2
NF -97.73279531755203 30.255943449042032 2892 9
NF -97.73652277168213 30.249854592033216 6221 4
NF -97.71302593779366 30.262254411207348 9392 2
NF -97.79497709578291 30.262499060237634 4713 7
NF -97.74820345637751 30.316845124413803 10528 4
NF -97.72944606084268 30.35540587257078 6852 2
NF -97.7588442987646 30.24331798899812 9009 11
NF -97.64941031135606 30.19560786888464 10220 3
NF -97.72605649744241 30.397520508741376 7364 2
NF -97.7346208303205 30.26930932928046 10461 6
NF -97.73237297374632 30.250593206157568 104 4
NF -97.73516478080711 30.28094603809595 1268 2
NSG -97.59733705979046 30.245025928401716 29
NSG -97.64024606835689 30.15749705230264 16
NSG -97.70097244335345 30.273216227633718 25
NSG -97.72231382159747 30.354928308794108 3
NSG -97.83327075050451 30.280819821132383 18
NSG -97.80568635584112 30.405126367016805 9
NSG -97.78677369606373 30.377440421821742 6
NSG -97.77624581435813 30.261800925806757 5
NSG -97.8323867093843 30.35930069212128 4
NSG -97.71424050731262 30.22517643536766 15
NSG -97.72589878674351 30.21851738335111 11
NSG -97.57311882984784 30.122107295493024 8
NSG -97.73167777205313 30.344459429478064 25
NSG -97.631944019796 30.223036493687157 21
NSG -97.65849791894448 30.300323746624542 24
NSG -97.69550113242514 30.23220195146577 23
NSG -97.64055032829692 30.28200962220268 13
NSG -97.55794375905067 30.24494745653447 27
NSG -97.66281864686988 30.148656987600834 4
NSG -97.57028543206061 30.29888090045182 18
NSG -97.54465989358259 30.208176025783885 4
NSG -97.77377966603707 30.306881257129174 30
NSG -97.60017305035474 30.35419521500173 12
NSG -97.54611138782502 30.20600092778431 5
NSG -97.62122611789007 30.227742271079425 27
NSG -97.7248700477416 30.31409370269605 7
NSG -97.71137439174704 30.404516853738233 5
NSG -97.80184124769194 30.29474288535217 16
NSG -97.64092076739695 30.336358483433834 16
NSG -97.55164812983034 30.368842774183335 16