305 1342 2692 
3238 1848 4552 340 369 4063 2535 5745 6295 8484 2353 11634 932 2713 1122 2065 2333 3970 879 6554 
9326 4374 5944 
1221 425 
Empty Output
Empty Output
Empty Output
11529 439 4095 7966 3893 3128 
6632 
2031 2337 2488 6355 369 2085 234 2345 2158 12315 365 2428 1848 2559 2924 340 2332 2535 956 1860 1986 209 10582 1302 3018 610 9538 2226 2252 136 9973 745 2256 2116 5082 79 144 2283 408 153 2139 2113 2003 2039 12678 253 2 420 1135 2714 3037 11333 1862 
340 144 8253 3585 420 440 
9604 2412 309 3174 419 10032 2568 4612 340 1864 3332 368 420 769 2142 2602 5089 
Empty Output
119 2501 1858 5368 2076 287 2094 1986 79 1302 161 4365 2 429 3021 2514 2181 
Empty Output
Empty Output
6326 3636 6863 699 3446 3691 4262 
3446 358 2535 745 5187 2495 4163 
7383 340 338 
Empty Output
Empty Output
673 
Empty Output
11013 
3521 3460 6410 4151 7753 3578 3456 3245 12371 12429 12374 12379 437 3436 3532 310 3517 425 3047 857 8048 3496 12375 3509 10262 6032 3459 2158 2191 7282 3488 1860 144 3494 3437 2349 10270 12426 5221 3445 5648 19 229 12363 404 753 1615 12372 2539 3444 440 10263 3498 3452 3529 108 
Empty Output
Empty Output
2900 
3253 3102 1868 2336 5749 
294 
125 303 
2433 144 
8484 
144 
10578 1058 
37 1065 144 
2000 
2478 
5150 
4605 4606 4602 0 4607 4608 753 3847 
696 
4880 
11133 4992 
3387 
6447 3136 
3583 
3591 2326 1023 
2565 
8311 654 1848 340 1849 1864 2917 6469 
4671 2158 9323 
11781 
79 9892 119 458 2501 3509 
9448 369 3767 
3046 
11819 8307 3653 11855 9012 188 6658 4378 12142 5231 
2900 4966 
9884 
4017 4127 2158 6578 2334 
10268 2531 5865 
2465 
2822 1850 11738 4072 1342 6450 11458 521 1185 2713 4610 10694 12678 253 601 1122 563 1740 162 3215 2675 1164 3817 2922 10985 2 9 28 
4072 199 2 9 28 31 134 172 178 197 206 214 261 293 306 
4889 2046 5300 2334 6221 136 128 2160 3430 1042 2349 4012 9110 4048 188 5263 9006 6359 3457 1302 2223 1860 4017 6078 
2039 167 
11374 8407 9049 11378 640 9415 11376 8995 11377 12009 5349 5316 8347 1442 5539 11375 8621 
2310 4665 8235 4728 1862 3425 3242 4635 
3425 1862 4728 2310 4665 
1858 4626 1797 2294 
4635 4078 6028 
8276 1284 3362 153 1172 6761 8461 7102 2678 9392 6711 3238 8441 421 
8276 153 1284 6711 7102 335 8212 6761 1172 8461 
4072 11458 199 2 9 28 31 
6053 2321 2098 25 4716 752 2039 3652 5754 6070 12328 6441 3272 9533 2003 2079 2531 6407 1581 9494 10218 2117 404 12318 
2822 1850 11738 4072 1342 6450 11458 521 1185 2713 4610 10694 12678 253 601 1122 563 1740 162 3215 
1042 5791 12628 9350 2276 6554 3851 4889 12502 2283 136 404 2273 9533 2117 10051 25 4716 2098 2290 2223 2285 4808 
4192 11287 2046 354 2454 2227 2364 6291 153 1850 2042 672 2377 2424 1151 1164 3817 1185 10694 3812 1342 2969 
3863 5252 128 3966 1926 136 3961 4067 3387 925 4183 4743 
3863 1473 601 1122 563 588 1164 2 200 525 617 676 741 769 782 798 877 1135 2165 2417 2656 4065 4617 6080 7761 7931 
10228 10222 28 
3863 5252 1926 128 3966 3387 1473 1164 601 1122 563 588 4213 2 200 525 617 
3863 1473 563 
5189 6544 2353 5060 2484 226 2350 11250 2256 1765 2910 307 11691 3977 1980 1767 2264 1092 2298 156 2122 11718 2531 3349 2177 2079 6441 1581 2088 
7887 8568 534 6986 7958 8413 9350 9305 8791 3387 7881 
2822 4072 1850 11738 
2822 1850 11738 4072 1342 6450 11458 521 1185 2713 4610 10694 12678 253 601 1122 563 1740 162 3215 2675 1164 3817 2922 10985 2 
2283 2117 404 5082 824 2491 
112 121 7319 4643 
5349 11352 9415 11376 11379 11377 12009 5539 5316 1442 8347 6281 11378 11375 7504 
6554 10051 9533 9350 2276 4643 5791 25 4716 1042 2098 12628 12328 2283 404 
7887 8568 534 7958 6986 8413 9305 9350 7881 8791 3387 7565 7964 5819 1926 
